bills_01.c 9 9 18 18 9 18 18 15 18 18 11 23 18 15 18 11 18 11 23 18 11 23 18 11 23 18 15 18 11 18 11 18 11 18 11 18 11 10 15 11 18 11 18 11 18 11 18 12 18 26 18 2 18 30 18 29 18 30 18 18 18 17 18 18 17 17 17 18 18 18 18 18 6 20 7 20 17 8 19 15 18 18 11 23 18 6 20 7 20 18 2 16 31 18 19 6 20 7 20 18 15 18 11 18 11 23 18 11 23 18 11 23 18 4 18 26 19 23 18 26 19 5 4 18 26 19 23 18 26 19 5 23 18 26 19 15 18 18 18 18 18 6 20 18 6 20 18 18 18
bills_02.c 9 9 18 18 15 18 18 11 23 18 15 18 11 18 11 23 18 11 23 18 11 23 18 15 18 11 18 11 18 11 18 11 18 11 10 15 12 18 11 18 11 18 11 18 11 18 3 18 18 17 18 18 17 17 17 18 18 18 18 18 6 20 7 20 17 2 18 30 18 29 18 30 18 8 19 24 23 18 18 18 18 18 18 1 18 18 23 23 18 18 18 18 18 18 18 10 23 23 18 18 18 18 18 18 18 23 23 24 15 18 18 11 23 18 11 18 6 20 7 20 17 2 18 19 31 19 6 20 6 20 7 20 17 23 18 26 18 24 23 18 18 18 18 18 18 18 23 23 18 18 18 18 18 18 18 18 18 18 18 18 10 23 23 18 18 18 18 18 18 18 18 23 18 23 18 18 23 18 23 23 24 15 18 11 18 11 23 18 11 23 18 11 23 18 11 18 18 11 18 18 11 18 18 11 18 11 18 18 18 26 18 24 19 18 26 18 19 18 18 26 18 24 19 18 26 18 19 18 18 26 18 24 19 23 18 26 18 18 23 18 26 18 18 23 18 26 18 18 24 23 18 18 18 18 18 10 18 18 18 23 23 18 18 18 18 18 23 23 18 18 18 18 18 18 23 24 15 18 11 18 11 18 11 18 11 18 6 20 18 6 20 6 20 18 18 18
bills_03.c 9 9 18 18 15 18 18 11 23 18 15 18 11 18 11 23 18 11 23 18 11 23 18 15 18 11 18 11 18 11 18 11 18 11 10 15 11 18 18 18 18 12 18 26 18 2 18 30 18 29 18 30 18 18 18 17 18 18 17 17 17 18 18 18 18 18 6 20 7 20 17 8 19 15 18 18 11 23 18 11 18 6 20 7 20 17 2 18 19 31 19 6 20 6 20 7 20 17 23 18 26 18 15 18 11 18 11 23 18 11 23 18 11 23 18 11 18 18 18 18 26 18 24 19 18 26 18 22 18 23 19 18 26 18 24 19 18 26 18 22 18 23 19 18 26 18 24 19 23 18 26 18 23 18 26 18 23 18 26 18 15 18 11 18 11 18 11 18 11 18 6 20 18 6 20 6 20 18 18 18
bills_04.c 9 9 18 18 15 18 18 11 23 18 15 18 11 18 11 23 18 11 23 18 11 23 18 15 18 11 18 11 18 11 18 11 18 11 10 15 11 18 11 18 11 18 11 18 12 18 26 18 2 18 30 18 29 18 30 18 18 18 17 18 18 17 17 17 18 18 18 18 18 6 20 7 20 17 8 19 15 18 18 11 23 18 6 20 7 20 18 2 11 18 19 31 19 6 20 6 20 7 20 18 15 18 11 18 11 23 18 11 23 18 11 23 18 18 26 19 2 18 26 19 18 21 21 18 22 19 18 26 19 2 18 26 19 18 21 21 18 22 19 18 26 19 2 18 26 19 18 21 21 18 22 19 15 18 11 18 11 18 11 18 11 18 6 20 18 6 20 6 20 18 18 18
bills_05.c 9 9 18 18 9 18 18 15 18 18 11 23 18 15 18 11 18 11 23 18 11 23 18 11 23 18 15 18 11 18 11 18 11 18 11 18 11 10 15 11 18 11 18 19 11 18 19 11 18 19 12 18 26 18 2 18 30 18 29 18 30 18 18 18 17 18 18 17 19 17 19 17 19 18 18 18 19 18 19 18 19 6 20 7 20 17 8 19 15 18 18 11 23 18 11 18 11 18 6 20 7 20 17 18 26 18 19 2 18 19 31 19 6 20 6 20 7 20 17 18 26 18 19 23 18 26 18 15 18 11 18 11 23 18 11 23 18 11 23 18 11 18 26 19 18 26 19 18 26 19 2 18 19 4 18 26 19 18 22 19 18 21 19 5 4 18 26 19 18 22 19 18 21 19 5 18 22 19 18 21 19 23 18 26 18 23 18 26 18 23 18 26 18 15 18 11 18 11 18 11 18 11 18 6 20 18 6 20 6 20 18 18 18
bills_06.c 9 9 18 18 15 18 18 11 23 18 15 18 11 18 11 23 18 11 23 18 11 23 18 15 18 11 18 11 18 11 18 11 18 11 10 15 11 18 18 18 18 12 18 26 18 2 18 30 18 29 18 30 18 18 18 17 18 18 17 17 17 18 18 18 18 18 6 20 7 20 17 8 19 15 18 18 11 23 18 6 20 6 20 7 20 18 2 16 19 31 19 29 23 18 19 6 20 7 20 18 15 18 11 18 11 23 18 11 23 18 11 23 18 23 18 26 18 24 19 23 18 26 18 19 24 19 23 18 26 18 19 19 24 19 15 18 11 18 11 18 11 18 11 18 6 20 18 6 20 18 6 20 18 6 20 18
bills_07.c 9 9 18 18 15 18 18 11 23 18 15 18 11 18 11 23 18 11 23 18 11 23 18 15 18 11 18 11 18 11 18 11 18 11 10 15 11 18 11 18 11 18 11 18 12 18 26 18 2 18 30 18 29 18 30 18 18 18 17 18 18 17 17 17 18 18 18 18 18 18 6 20 18 6 20 7 20 17 8 19 15 18 18 11 23 18 6 20 7 20 18 2 16 19 31 19 6 20 6 20 7 20 18 15 18 11 18 11 23 18 11 23 18 11 23 18 11 18 18 23 18 26 18 24 19 18 26 18 19 23 18 26 18 24 19 18 26 23 18 24 19 23 18 26 23 18 24 19 15 18 11 18 11 18 11 18 11 18 6 20 6 20 18 6 20 18 6 20 18
bills_08.c 15 15 18 18 11 23 18 15 18 11 18 11 23 18 11 23 18 11 23 18 15 18 11 18 11 18 11 18 11 18 11 10 15 11 18 11 18 11 18 11 18 12 18 26 18 2 18 30 18 29 18 30 18 18 18 17 18 18 17 17 17 18 18 18 18 18 6 20 7 20 17 8 19 15 18 18 11 23 18 6 20 7 20 18 2 16 19 31 19 6 20 6 20 7 20 18 15 18 11 18 11 23 18 11 23 18 11 23 18 11 18 11 18 18 23 18 26 18 23 19 24 19 18 18 26 18 19 23 18 26 18 18 23 19 24 19 18 26 18 18 19 23 18 26 18 23 19 24 19 15 18 11 18 11 18 11 18 11 18 6 20 18 6 20 6 20 18 18 18
bills_09.c 9 9 18 18 15 18 18 11 23 18 15 18 11 18 11 23 18 11 23 18 11 23 18 15 18 11 18 11 18 11 18 11 18 11 10 15 11 18 18 18 18 12 18 26 18 2 18 30 18 29 18 30 18 18 18 17 18 18 17 17 17 18 18 18 18 18 6 20 7 20 17 8 19 15 18 18 11 23 18 11 18 6 20 7 20 17 2 18 19 31 19 6 20 6 20 7 20 17 23 18 26 18 15 18 11 18 11 23 18 11 23 18 11 23 18 11 18 18 18 18 26 18 24 19 18 26 18 22 18 23 19 18 26 18 24 19 18 26 18 22 18 23 19 18 26 18 24 19 23 18 26 18 23 18 26 18 23 18 26 18 15 18 11 18 11 18 11 18 11 18 6 20 18 6 20 6 20 18 18 18
bills_10.c 9 9 18 18 15 18 18 11 23 18 15 18 11 18 11 23 18 11 23 18 11 23 18 15 18 11 18 11 18 11 18 11 18 11 10 15 11 18 18 18 18 12 18 18 26 18 2 18 30 18 29 18 30 18 18 18 17 18 18 17 17 17 18 18 18 18 18 6 20 7 20 17 8 19 15 18 18 11 23 18 11 18 11 18 6 20 7 20 17 18 26 18 19 2 18 31 19 6 20 6 20 7 20 17 18 26 18 19 23 18 26 18 15 18 11 18 11 23 18 11 23 18 11 23 18 4 18 26 19 23 18 26 18 24 19 23 18 26 18 19 24 19 23 18 26 18 19 19 24 19 5 4 18 19 28 18 26 19 23 18 26 19 23 18 26 18 24 19 23 18 26 18 22 23 18 23 19 24 19 5 23 18 26 19 23 18 26 19 23 18 26 19 15 18 11 18 11 18 11 18 11 18 6 20 18 6 20 6 20 18 18 18
bills_11.c 9 9 18 18 9 18 18 15 18 18 11 23 18 15 18 11 18 11 23 18 11 23 18 11 23 18 15 18 11 18 11 18 11 18 11 18 11 10 15 11 18 11 18 18 18 12 18 18 3 6 20 7 20 17 18 4 18 18 30 18 29 18 18 30 18 18 18 17 18 18 17 17 17 18 18 18 18 18 2 18 18 30 18 29 18 18 30 18 8 19 15 18 18 11 23 18 11 18 18 3 6 20 7 20 18 18 18 26 16 19 4 18 18 31 19 6 20 2 18 18 31 19 15 18 11 18 11 23 18 11 23 18 11 23 18 11 18 18 18 18 18 18 18 18 26 18 24 19 18 18 26 18 22 18 18 23 19 24 19 18 18 26 18 22 18 18 23 19 22 18 18 23 19 24 19 23 18 26 18 18 23 18 26 18 18 23 18 26 18 18 15 18 11 18 11 18 11 18 11 18 6 20 18 6 20 18 6 20 18
bills_12.c 24 24 23 23 23 23 23 23 23 23 23 23 23 23 23 23 23 23 23 23 23 23 23 23 23 23 23 23 23 23 23 23 23 23 23 23 23 23 23 23 23 23 23 23 23 23 23 23 23 23 23 23 23 23 23 23 23 23 23 23 23 23 23 23 23 23 23 23 23 23 23 23 23 23 23 23 23 23 23 23 23 18 18 18 18 18 18 18 18 18 18 18 18 18 18 18 18 18 18 18 18 18 19 18 18 18 18 18 18 18 18 18 18 18 18 18 18 18 18 19 18 19 18 18 19 18 18 18 18 19 19 24 19 24 19 23 23 23 23 23 23 23 23 23 23 23 23 23 23 23 23 23 23 23 23 23 23 23 23 23 23 23 23 23 23 23 23 23 23 23 23 23 23 23 23 23 23 23 23 23 23 23 23 23 23 23 23 23 23 23 23 23 23 23 23 23 23 23 23 23 23 23 23 23 23 23 23 23 23 23 23 23 23 23 24 9 18 18 9 18 18 15 18 18 11 23 18 15 18 11 18 11 23 18 11 23 18 11 23 18 15 18 11 18 11 18 11 18 11 18 11 10 15 18 18 17 18 18 17 17 17 18 18 18 18 18 6 20 7 20 17 18 4 18 18 30 18 29 18 18 30 18 8 19 15 18 18 11 23 18 6 20 7 20 18 2 16 19 31 19 6 20 6 20 7 20 18 15 18 11 18 11 23 18 11 23 18 11 23 18 11 18 18 11 18 18 23 18 26 18 24 19 18 18 26 18 22 18 24 19 23 18 26 18 18 24 19 18 18 26 18 18 22 18 18 24 19 23 18 26 18 18 24 19 15 18 11 18 11 18 11 18 11 18 12 18 18 6 20 18 6 20 6 20 18 18 18
bills_13.c 24 24 23 23 23 23 23 23 23 23 23 23 23 23 23 23 23 23 23 23 23 23 23 23 23 23 23 23 23 23 23 23 23 23 23 23 23 23 23 23 23 23 23 23 23 23 23 23 23 23 23 23 23 23 23 23 23 23 23 23 23 23 23 23 23 23 23 18 23 18 19 24 19 24 19 23 18 18 19 23 18 18 23 23 18 18 18 18 18 18 18 18 18 23 18 18 18 18 18 18 18 18 18 19 19 18 19 18 23 23 23 23 23 23 23 23 23 23 23 23 23 23 23 23 23 23 23 23 23 23 23 23 23 23 23 23 23 23 23 23 23 23 23 23 23 23 23 23 23 23 23 23 23 23 23 23 23 23 23 23 23 23 23 23 23 23 23 23 23 23 23 23 23 23 24 9 18 18 9 18 18 15 18 18 11 23 18 15 18 11 18 11 23 18 11 23 18 11 23 18 15 18 11 18 11 18 11 18 11 18 11 10 15 11 18 11 18 11 18 11 18 12 18 26 18 2 18 30 18 29 18 30 18 18 18 17 18 18 17 17 17 18 18 18 18 18 6 20 7 20 17 8 19 15 18 18 11 23 18 6 20 7 20 18 24 23 18 18 18 18 2 18 18 18 23 18 18 18 18 19 23 24 2 16 19 19 6 20 6 20 7 20 18 6 20 23 18 15 18 11 18 11 23 18 11 23 18 11 23 18 23 18 26 18 24 19 23 18 26 18 22 16 23 19 24 19 23 18 26 18 22 16 23 19 22 16 23 19 24 19 15 18 11 18 11 18 11 18 11 18 6 20 6 20 18 18 18
bills_14.c 24 24 23 23 23 23 23 23 23 23 23 23 23 23 23 23 23 23 23 23 23 23 23 23 23 23 23 23 23 23 23 23 23 23 23 23 23 23 23 23 23 23 23 23 23 23 23 23 23 23 23 23 23 23 23 23 23 23 23 23 23 23 23 23 23 23 23 23 23 23 23 23 23 23 23 23 23 23 23 23 23 23 23 23 23 23 23 23 23 23 23 23 23 23 23 23 23 23 23 23 23 23 23 23 23 23 23 23 23 23 23 23 23 23 23 23 23 23 23 23 23 23 23 23 23 23 23 23 23 23 23 23 23 23 23 23 18 18 18 23 18 23 18 23 18 18 19 19 23 18 18 18 18 18 18 18 18 18 18 18 18 18 18 18 18 18 18 23 18 18 18 18 18 18 23 23 23 23 23 23 23 23 23 23 23 23 23 23 23 23 23 23 23 23 23 23 23 23 23 23 23 23 23 23 23 23 23 23 23 23 23 23 23 23 23 23 23 23 23 23 23 23 23 23 23 23 23 23 23 23 23 23 23 23 23 23 23 23 23 23 23 23 23 23 23 23 23 23 23 23 23 23 23 23 23 23 23 23 23 23 23 23 23 23 23 23 23 23 23 23 23 23 23 23 23 23 23 23 23 23 23 23 23 23 23 23 23 23 23 23 23 23 23 23 23 23 23 23 23 23 23 23 23 23 23 23 23 23 24 9 18 18 15 18 18 11 23 18 15 18 11 18 11 23 18 11 23 18 11 23 18 15 18 11 18 11 18 11 18 11 18 11 10 15 11 18 18 18 18 12 18 3 18 18 17 18 18 17 17 17 18 18 18 18 18 6 20 7 20 17 2 18 30 18 29 18 30 18 8 19 15 18 18 11 23 18 6 20 7 20 18 2 16 19 31 19 6 20 7 20 18 15 18 11 18 11 23 18 11 23 18 11 23 18 11 18 4 18 26 19 23 18 26 18 24 19 18 26 18 19 4 18 26 19 23 18 26 18 19 24 19 18 26 18 19 19 5 4 18 30 19 23 18 26 19 4 18 26 19 23 18 26 18 19 19 24 19 5 4 18 30 19 23 18 26 19 5 4 18 26 19 23 18 26 18 24 19 18 26 18 19 4 18 26 19 23 18 26 18 19 24 19 5 23 18 26 19 5 23 18 26 18 24 19 15 18 11 18 11 18 11 18 11 18 6 20 18 6 20 18 18 18
bills_15.c 9 9 18 18 15 18 18 11 23 18 15 18 11 18 11 23 18 11 23 18 11 23 18 15 18 11 18 11 18 11 18 11 18 11 10 15 11 18 18 18 18 12 18 26 18 2 18 30 18 29 18 30 18 18 18 17 18 18 17 17 17 18 18 18 18 18 6 20 7 20 17 8 19 15 18 18 11 23 18 6 20 7 20 18 2 16 19 31 19 6 20 6 20 7 20 18 15 18 11 18 11 23 18 11 23 18 11 23 18 23 18 26 18 24 19 23 18 26 18 19 24 19 23 18 26 18 19 19 24 19 15 18 11 18 11 18 11 18 11 18 6 20 18 6 20 6 20 18 18 18
bills_16.c 9 9 18 18 15 18 18 11 23 18 15 18 11 18 11 23 18 11 23 18 11 23 18 15 18 11 18 11 18 11 18 11 18 11 10 15 11 18 11 18 11 18 11 18 12 18 18 26 18 2 18 30 18 29 18 30 18 18 18 17 18 18 17 17 17 18 18 18 18 18 6 20 7 20 17 8 19 15 18 18 11 23 18 6 20 7 20 18 2 16 19 31 19 6 20 7 20 18 15 18 11 18 11 23 18 11 23 18 11 23 18 23 18 26 18 24 19 23 18 26 18 19 24 19 23 18 26 18 19 22 19 23 23 18 24 19 15 18 11 18 11 18 11 18 11 18 6 20 18 6 20 6 20 18 18 18
bills_17.c 24 24 23 23 23 23 23 23 23 23 23 23 23 23 23 23 23 23 23 23 23 23 23 23 23 23 23 23 23 23 23 23 23 23 23 23 23 23 23 23 23 23 23 23 23 23 23 23 23 23 23 23 23 23 23 23 23 23 23 23 23 23 23 23 23 23 23 23 23 23 23 23 23 23 23 23 23 18 18 18 19 18 18 18 19 19 18 18 18 18 18 18 18 18 18 18 23 23 23 23 23 23 23 23 23 23 23 23 23 23 23 23 23 23 23 23 23 23 23 23 23 23 23 23 23 23 23 23 23 23 23 23 23 23 23 23 23 23 23 23 23 23 23 23 23 23 23 23 23 23 23 23 23 23 23 23 23 23 23 23 23 23 23 23 23 23 23 23 23 23 24 9 18 18 15 18 18 11 23 18 15 18 11 18 11 23 18 11 23 18 11 23 18 11 10 15 11 18 18 18 18 12 18 18 26 18 2 18 30 18 29 18 30 18 18 18 17 18 18 17 17 17 6 20 6 20 18 6 20 6 20 18 18 18 6 20 7 20 17 8 19 15 18 18 11 23 18 6 20 7 20 18 2 16 19 31 19 6 20 6 20 7 20 18 15 18 11 18 11 23 18 11 23 18 11 23 18 23 18 26 18 24 19 23 18 26 18 19 24 19 23 18 26 18 19 19 24 19
bills_18.c 9 9 18 18 15 18 15 18 18 11 23 18 15 18 11 18 11 23 18 11 23 18 11 23 18 15 18 11 18 11 18 11 18 11 18 11 10 15 11 18 18 18 18 12 18 26 18 18 2 18 30 18 29 18 30 18 18 18 17 18 18 17 17 17 18 18 18 18 18 6 20 7 20 17 8 19 15 18 6 20 6 20 6 20 15 18 18 11 23 18 11 18 18 6 20 7 20 17 18 26 18 19 2 18 19 31 19 6 20 6 20 7 20 17 18 26 18 19 23 18 26 18 15 18 11 18 11 23 18 11 23 18 11 23 18 11 18 26 19 18 26 19 18 26 19 2 18 19 4 18 26 19 18 21 19 18 22 19 5 4 18 26 19 18 21 19 18 22 19 5 18 21 19 18 22 19 23 18 26 18 23 18 26 18 23 18 26 18 15 18 11 18 11 18 11 18 11 18 6 20 18 6 20 6 20 18 18 18
bills_19.c 9 9 18 18 11 18 18 11 23 18 11 18 11 18 11 23 18 11 23 18 11 23 18 11 18 11 18 11 18 11 18 11 18 11 10 15 12 18 11 18 18 18 18 11 18 26 19 2 18 30 19 18 18 17 18 18 17 17 17 18 18 18 18 18 6 20 7 20 17 4 18 30 18 29 18 30 18 18 26 19 5 4 18 30 18 29 18 30 18 5 11 18 26 19 2 18 30 19 6 20 7 20 17 4 18 30 18 29 18 30 18 8 19 5 4 18 30 18 29 18 30 18 18 26 19 8 19 11 18 18 11 23 18 6 20 7 20 17 23 18 2 19 31 23 18 19 6 20 6 20 7 20 17 23 18 8 19 11 18 11 18 11 23 18 11 23 18 11 23 18 23 18 26 18 24 19 18 26 18 22 16 23 19 23 18 26 18 24 19 18 26 18 22 16 23 19 23 18 26 18 24 19 8 19 11 18 11 18 11 18 11 18 11 18 6 20 18 6 20 6 20 18 18 18 8 19
bills_20.c 24 24 23 23 18 23 18 19 18 19 23 18 18 18 18 18 18 18 18 18 19 18 23 18 18 18 23 18 18 18 23 24 9 18 18 24 23 23 18 18 18 18 18 18 23 18 17 18 18 18 23 18 18 18 23 24 15 18 18 11 23 18 24 23 23 18 18 18 18 18 18 18 18 18 18 18 23 18 18 18 18 18 18 18 18 18 23 18 18 18 18 18 18 18 23 24 15 18 18 11 18 11 23 18 18 11 23 18 18 11 23 18 18 24 23 23 18 18 18 18 18 23 18 18 18 18 18 18 18 18 18 18 23 18 18 18 18 18 18 23 24 15 18 18 11 18 11 18 18 11 18 18 11 18 18 11 10 15 11 18 18 18 18 18 18 18 12 18 6 20 3 18 18 26 19 18 18 26 19 18 18 26 19 18 18 17 18 18 18 17 18 17 18 17 18 18 18 18 18 18 18 18 18 18 6 20 7 20 17 2 18 30 18 8 19 15 18 18 11 23 18 24 23 6 20 23 18 26 19 23 24 11 18 18 18 18 12 18 3 6 20 18 18 26 7 20 18 4 18 18 30 19 7 20 17 6 20 18 18 18 26 19 5 4 16 19 31 19 6 20 18 18 26 19 5 18 18 26 19 2 18 18 30 19 15 18 18 11 18 11 23 18 18 11 23 18 18 11 23 18 18 2 18 19 4 18 26 19 23 18 18 21 19 18 22 19 5 4 18 26 19 23 18 18 21 19 18 22 19 5 23 18 18 21 19 18 22 19 15 18 18 11 18 11 18 18 11 18 18 11 18 18 6 20 18 6 20 18 18 18 18 18 18
bills_21.c 9 9 18 18 11 18 18 11 23 18 11 18 18 11 18 11 23 18 11 23 18 11 23 18 11 18 18 11 18 11 18 11 18 11 18 11 10 15 11 18 18 18 18 12 18 18 26 18 2 18 30 18 29 18 30 18 18 18 17 18 18 18 17 17 17 18 18 18 18 18 18 6 20 7 20 17 8 19 11 18 18 11 23 18 6 20 7 20 18 2 16 19 31 19 6 20 7 20 18 8 19 11 18 18 11 18 11 23 18 11 23 18 11 23 18 11 18 18 4 18 19 30 19 23 18 26 18 24 19 23 18 26 19 23 18 26 19 5 4 18 19 30 19 23 18 26 18 24 19 18 26 18 19 23 18 26 18 24 19 18 26 18 19 23 18 26 18 24 19 5 4 18 19 30 19 23 18 26 18 24 19 18 26 18 19 23 18 26 18 24 19 18 26 18 19 23 18 26 18 24 19 8 19 11 18 18 11 18 11 18 11 18 11 18 6 20 18 6 20 6 20 18 18 18 8 19
bills_22.c 9 9 18 18 15 18 18 11 23 18 15 18 18 18 11 18 11 23 18 11 23 18 11 23 18 15 18 11 18 11 18 11 18 11 18 11 10 15 11 18 11 18 11 18 11 18 12 18 26 18 2 18 30 18 29 18 30 18 18 18 17 18 18 18 18 17 17 17 18 18 18 18 18 6 20 7 20 17 8 19 15 18 18 11 23 18 6 20 7 20 18 2 16 19 31 19 6 20 6 20 7 20 18 15 18 18 18 11 18 11 23 18 11 23 18 11 23 18 23 18 26 18 24 19 23 18 26 18 19 24 19 23 18 26 18 19 19 24 19 15 18 11 18 11 18 11 18 11 18 6 20 18 6 20 6 20 18 18 18
bills_23.c 24 24 23 23 23 23 23 23 23 23 23 23 23 23 23 23 23 23 23 23 23 23 23 23 23 23 23 23 23 23 23 23 23 23 23 23 23 23 23 23 23 23 23 23 23 23 23 23 23 23 23 23 23 23 23 23 23 18 18 23 19 22 19 22 19 23 18 19 23 23 23 23 23 23 23 23 23 23 23 23 23 23 23 23 23 23 23 23 23 23 23 23 23 23 23 23 23 23 23 23 23 23 23 23 23 23 23 23 23 23 23 23 23 23 23 23 23 23 23 23 23 23 23 23 24 9 18 18 15 18 18 11 23 18 15 18 11 18 11 23 18 11 23 18 11 23 18 15 18 11 18 11 18 11 18 11 18 11 10 15 11 18 18 18 18 12 18 26 18 6 20 2 18 30 18 29 18 30 18 18 18 17 18 18 17 17 17 18 18 18 18 18 6 20 7 20 17 8 19 15 18 18 11 23 18 6 20 7 20 17 23 18 2 16 19 31 19 6 20 7 20 17 23 18 15 18 11 18 11 23 18 11 23 18 11 23 18 23 18 26 18 24 19 18 26 18 19 23 18 26 18 24 19 18 26 18 19 23 18 26 18 24 19 15 18 11 18 11 18 11 18 11 18 6 20 18 6 20 6 20 18 18 18
bills_24.c 24 24 23 23 23 23 23 23 23 23 23 23 23 23 23 23 23 23 23 23 23 23 23 23 23 23 23 23 23 23 23 23 23 23 23 23 23 23 23 23 23 23 23 23 23 23 23 23 23 23 23 23 23 23 18 18 18 23 18 23 18 23 18 18 19 19 23 18 18 18 23 18 18 18 18 18 18 18 18 18 23 18 18 18 18 18 18 18 23 18 18 18 18 18 18 18 18 18 23 23 23 23 23 23 23 23 23 23 23 23 23 23 23 23 23 23 23 23 23 23 23 23 23 23 23 23 23 23 23 23 23 23 23 23 23 23 23 23 23 23 23 23 23 23 23 23 23 23 23 24 9 18 18 15 18 18 11 23 18 24 23 18 18 18 18 18 18 18 23 18 22 18 18 18 18 18 18 18 18 18 18 23 18 18 18 18 18 23 18 22 18 18 18 18 18 18 18 18 18 18 18 23 24 15 18 11 18 11 23 18 18 11 23 18 18 11 23 18 18 24 23 18 18 18 18 18 23 18 22 18 18 18 18 18 18 18 18 18 23 18 18 18 18 18 18 23 18 22 18 18 18 18 18 18 18 18 18 18 18 23 18 18 18 18 18 18 18 23 24 15 18 11 18 11 18 18 11 18 18 11 18 18 24 23 18 18 18 18 18 18 18 23 18 22 18 18 18 18 18 18 18 18 18 18 23 18 22 18 18 18 23 24 11 10 15 11 18 11 18 11 18 11 18 12 18 26 18 24 23 18 22 18 24 18 18 18 18 18 23 24 2 18 30 18 29 18 30 18 18 18 17 18 18 17 17 17 18 18 18 18 18 6 20 7 20 17 8 19 15 18 18 11 23 18 6 20 7 20 18 2 16 19 31 19 6 20 6 20 7 20 18 15 18 11 18 11 23 18 18 11 23 18 18 11 23 18 18 11 18 23 18 18 26 18 24 19 18 26 18 19 23 18 18 26 18 24 19 18 26 18 19 23 18 18 26 18 24 19 15 18 11 18 11 18 18 11 18 18 11 18 18 6 20 18 6 20 6 20 18 18 18 18 18 18
bills_25.c 9 9 18 18 9 18 18 15 18 18 11 23 18 15 18 18 11 18 11 23 18 11 23 18 11 23 18 15 18 18 11 18 11 18 11 18 11 18 11 10 15 11 18 11 18 11 18 11 18 12 18 26 18 2 18 30 18 29 18 30 18 18 18 17 18 18 18 17 17 17 18 18 18 18 18 18 6 20 7 20 17 8 19 15 18 18 11 23 18 11 18 6 20 7 20 18 18 26 23 18 19 4 18 30 19 5 6 20 6 20 7 20 18 15 18 18 11 18 11 23 18 11 23 18 11 23 18 23 18 26 18 24 19 18 26 18 22 16 23 19 23 18 26 18 24 19 18 26 18 22 16 23 19 23 18 26 18 24 19 15 18 18 11 18 11 18 11 18 11 18 6 20 18 6 20 6 20 18 18 18
bills_26.c 9 9 18 18 9 18 18 15 18 18 11 23 18 15 18 11 18 11 23 18 11 23 18 11 23 18 15 18 11 18 11 18 11 18 11 18 11 10 15 11 18 11 18 11 18 11 18 12 18 3 18 18 17 18 18 17 17 17 18 18 18 18 18 6 20 7 20 17 2 18 30 18 29 18 30 18 8 19 15 18 18 11 23 18 6 20 7 20 18 2 16 19 6 20 6 20 7 20 18 15 18 11 18 11 23 18 11 23 18 11 23 18 4 18 26 19 23 18 26 18 24 19 18 26 18 22 16 23 19 23 18 26 18 24 19 18 26 18 22 16 23 19 23 18 26 18 24 19 18 26 18 22 16 23 19 15 18 11 18 11 18 11 18 11 18 6 20 18 6 20 6 20 18 18 18
bills_27.c 9 9 18 18 9 18 18 11 18 18 11 18 11 10 15 11 18 18 18 18 18 18 18 18 18 18 18 18 3 6 20 7 20 17 18 26 18 19 2 18 31 19 6 20 6 20 7 20 17 18 26 18 19 4 18 30 19 6 20 5 4 18 30 19 6 20 5 4 18 30 19 6 20 5 4 18 30 19 6 20 5 4 18 30 19 6 20 5 6 20 6 20 7 20 17 2 18 26 18 8 19
bills_28.c 9 9 18 18 15 18 18 11 23 18 15 18 11 18 11 23 18 11 23 18 11 23 18 15 18 11 18 11 18 11 18 11 18 11 10 15 11 18 11 18 11 18 11 18 12 18 26 18 2 18 30 18 29 18 30 18 18 18 17 18 18 17 17 17 18 18 18 18 18 6 20 7 20 17 8 19 15 18 18 11 23 18 6 20 7 20 18 2 16 19 31 19 29 23 18 26 19 6 20 23 18 6 20 6 20 6 20 7 20 18 15 18 11 18 11 23 18 11 23 18 11 23 18 23 18 26 18 24 19 23 18 26 18 22 16 23 19 24 19 23 18 26 18 22 16 23 19 22 16 23 19 24 19 15 18 11 18 11 18 11 18 11 18 6 20 18 6 20 6 20 18 18 6 20 18
bills_29.c 9 9 18 18 9 18 18 15 18 18 11 23 18 15 18 11 18 11 23 18 11 23 18 11 23 18 15 18 11 18 11 18 11 18 11 18 11 10 15 11 18 11 18 11 18 11 18 12 18 26 18 2 18 30 18 29 18 30 18 18 18 17 18 18 17 17 17 18 18 18 18 18 6 20 7 20 17 8 19 15 18 18 11 23 18 6 20 7 20 18 2 16 19 31 19 6 20 7 20 18 15 18 11 18 11 23 18 11 23 18 11 23 18 23 18 26 18 24 19 23 18 26 18 19 24 19 23 18 26 18 19 19 24 19 15 18 11 18 11 18 11 18 11 18 6 20 18 6 20 18 6 20 18 6 20 18
bills_30.c 9 9 18 18 15 18 18 11 23 18 15 18 11 18 11 23 18 11 23 18 11 23 18 15 18 11 18 11 18 11 18 11 18 11 10 15 11 18 18 18 18 12 18 26 18 2 18 30 18 29 18 30 18 18 18 17 18 18 17 17 17 18 18 18 18 18 6 20 7 20 17 8 19 15 18 18 11 23 18 11 18 11 18 6 20 7 20 17 18 26 18 19 2 18 31 19 6 20 6 20 7 20 17 18 26 18 19 23 18 26 18 15 18 11 18 11 23 18 11 23 18 11 23 18 4 18 26 19 23 18 26 18 24 19 23 18 26 18 19 24 19 23 18 26 18 19 19 24 19 5 4 18 19 28 18 26 19 23 18 26 19 23 18 26 18 24 19 23 18 26 18 22 23 18 23 19 24 19 5 23 18 26 19 23 18 26 19 23 18 26 19 15 18 11 18 11 18 11 18 11 18 6 20 18 6 20 6 20 18 18 18
bills_31.c 24 24 23 18 23 18 23 18 19 24 19 24 19 23 18 18 18 18 23 24 9 18 18 9 18 18 15 18 18 11 23 18 15 18 11 18 11 23 18 11 23 18 11 23 18 15 18 11 18 11 18 11 18 11 18 11 10 15 11 18 11 18 11 18 11 18 12 18 26 18 2 18 30 18 29 18 30 18 18 18 17 18 18 17 17 17 18 18 18 18 18 6 20 7 20 17 8 19 15 18 18 11 23 18 11 18 6 20 7 20 17 18 26 18 19 2 18 31 19 6 20 6 20 7 20 17 23 18 26 18 15 18 11 18 11 23 18 11 23 18 11 23 18 4 18 26 19 18 26 18 24 19 23 18 26 18 5 4 18 26 19 28 18 19 18 26 18 24 19 23 18 26 18 5 4 18 26 19 28 18 19 18 26 18 24 19 23 18 26 18 15 18 11 18 11 18 11 18 11 18 6 20 17 6 20 6 20 17 17 17
bills_32.c 9 9 18 18 15 18 18 11 23 18 15 18 11 18 11 23 18 11 23 18 11 23 18 15 18 11 18 11 18 11 18 11 18 11 10 15 11 18 11 18 11 18 11 18 12 18 26 18 2 18 30 18 29 18 30 18 18 18 17 18 18 17 17 17 18 18 18 18 18 6 20 7 20 17 8 19 15 18 18 11 23 18 11 18 6 20 7 20 17 2 18 19 31 19 6 20 6 20 7 20 17 23 18 26 18 15 18 11 18 11 23 18 11 23 18 11 23 18 11 18 11 18 23 18 26 18 24 19 18 26 18 19 23 18 26 18 24 19 18 26 18 19 23 18 26 18 24 19 15 18 11 18 11 18 11 18 11 18 6 20 18 6 20 6 20 18 18 18
bills_33.c 9 9 18 18 15 18 18 11 23 18 15 18 11 18 11 23 18 11 23 18 11 23 18 15 18 11 18 11 18 11 18 11 18 11 10 15 11 18 11 18 11 18 11 18 12 18 26 18 2 18 30 18 29 18 30 18 18 18 17 18 18 17 17 17 18 18 18 18 18 6 20 7 20 17 8 19 15 18 18 11 23 18 6 20 6 20 7 20 18 2 16 19 31 19 6 20 7 20 18 15 18 11 18 11 23 18 11 23 18 11 23 18 11 18 26 19 11 18 26 19 11 18 26 19 2 18 31 19 4 18 26 19 18 26 18 22 19 18 26 18 21 19 5 4 18 26 19 18 26 18 22 19 18 26 18 21 19 5 18 26 18 22 19 18 26 18 21 19 23 18 26 18 23 18 26 18 23 18 26 18 15 18 11 18 11 18 11 18 11 18 6 20 18 6 20 18 6 20 18 6 20 18
bills_34.c 9 9 18 18 15 18 18 11 23 18 15 18 11 18 11 23 18 11 23 18 11 23 18 15 18 11 18 11 18 11 18 11 18 11 10 15 11 18 11 18 11 18 11 18 18 18 17 18 18 17 17 17 18 18 18 18 18 6 20 18 31 18 19 8 19 15 18 18 11 23 18 6 20 7 20 18 6 20 7 20 18 15 18 11 18 11 23 18 11 23 18 11 23 18 11 18 1 18 26 18 18 26 19 23 18 26 18 19 23 18 26 23 18 19 23 18 26 23 18 19 15 18 11 18 11 18 11 18 11 18 6 20 18 6 20 18 6 20 18 6 20 18
bills_35.c 9 9 18 18 15 18 18 11 23 18 15 18 11 18 11 23 18 11 23 18 11 23 18 15 18 11 18 11 18 11 18 11 18 12 18 26 18 11 10 15 11 18 18 18 18 18 12 18 1 18 26 18 18 31 18 7 20 17 18 18 17 18 18 17 17 17 18 18 18 18 18 6 20 6 20 8 19 15 18 18 11 23 18 11 18 6 20 7 20 18 18 26 23 18 19 2 18 31 19 6 20 6 20 7 20 18 18 26 23 18 19 15 18 11 18 11 23 18 11 23 18 11 23 18 11 18 4 18 26 19 23 18 26 18 24 19 18 26 18 22 16 23 19 23 18 26 18 24 19 18 22 16 23 19 23 18 26 18 24 19 5 4 18 19 29 18 19 23 18 26 19 23 18 26 18 24 19 18 26 18 22 16 23 19 23 18 26 18 24 19 5 4 18 30 19 23 18 26 19 23 18 26 19 23 18 26 19 15 18 11 18 11 18 11 18 11 18 6 20 18 6 20 6 20 18 18 18
bills_36.c 9 9 18 18 15 18 18 11 23 18 15 18 11 18 11 23 18 11 23 18 11 23 18 15 18 11 18 11 18 11 18 11 18 11 10 15 11 18 11 18 18 18 12 18 26 18 2 18 30 18 29 18 30 18 18 18 17 18 18 17 17 17 18 18 18 18 18 6 20 7 20 17 8 19 15 18 18 11 23 18 11 18 11 18 6 20 7 20 17 18 26 18 19 2 18 31 19 6 20 6 20 7 20 17 23 18 26 18 15 18 11 18 11 23 18 11 23 18 11 23 18 23 18 26 18 24 19 23 18 26 18 26 19 24 19 23 18 26 18 26 19 24 19 15 18 11 18 11 18 11 18 11 18 6 20 18 6 20 6 20 18 18 18
bills_37.c 9 9 18 18 9 18 18 15 18 18 11 23 18 15 18 18 11 18 11 23 18 11 23 18 11 23 18 15 18 18 11 18 11 18 11 18 11 18 11 10 15 11 18 11 18 11 18 11 18 12 18 3 18 18 17 18 18 18 17 17 17 18 18 18 18 18 18 6 20 7 20 17 2 18 30 18 29 18 30 18 8 19 15 18 18 11 23 18 6 20 7 20 18 2 16 19 6 20 6 20 7 20 18 15 18 18 11 18 11 23 18 11 23 18 11 23 18 4 18 26 19 23 18 26 18 24 19 18 26 18 22 16 23 19 23 18 26 18 24 19 18 26 18 22 16 23 19 23 18 26 18 24 19 18 26 18 22 16 23 19 15 18 18 18 18 18 18 6 20 18 6 20 6 20 18 18 18
bills_38.c 24 24 23 19 24 19 24 19 18 18 18 18 8 18 18 18 18 18 18 18 18 18 18 18 18 18 18 18 18 18 18 18 18 23 24 9 18 18 11 18 18 11 23 18 6 20 7 20 18 2 16 19 31 19 6 20 6 20 7 20 18 8 19 11 18 11 18 11 23 18 11 23 18 11 23 18 11 18 19 18 19 4 18 19 30 19 23 18 26 18 24 19 23 18 26 19 23 18 26 19 5 4 18 19 30 19 23 18 26 18 24 19 18 19 26 18 19 23 18 26 18 19 24 19 18 19 26 18 19 19 23 18 26 18 19 24 19 5 23 18 26 18 24 19 18 19 26 18 19 23 18 26 18 19 24 19 18 19 26 18 19 19 23 18 26 18 19 24 19 8 19 11 18 11 18 11 18 11 18 11 18 6 20 18 6 20 6 20 18 18 18 8 19 11 10 15 11 18 18 18 18 12 18 18 26 18 2 18 30 18 29 18 30 18 18 18 17 18 18 17 17 17 18 18 18 18 18 6 20 7 20 17 8 19
bills_39.c 9 9 18 18 15 18 18 11 23 18 15 18 11 18 11 23 18 11 23 18 11 23 18 15 18 11 18 11 18 11 18 11 18 12 18 26 18 11 10 15 11 18 11 18 18 18 12 18 1 18 26 18 18 31 18 7 20 17 18 18 17 18 18 17 17 17 18 18 18 18 18 6 20 6 20 8 19 15 18 18 11 23 18 11 18 6 20 7 20 18 18 26 23 18 19 2 18 31 19 6 20 6 20 7 20 18 18 26 23 18 19 15 18 11 18 11 23 18 11 23 18 11 23 18 11 18 4 18 26 19 23 18 26 18 24 19 18 26 18 22 16 23 19 23 18 26 18 24 19 18 26 18 22 16 23 19 23 18 26 18 24 19 5 4 18 19 28 18 19 23 18 26 19 23 18 26 18 24 19 18 26 18 22 16 23 19 23 18 26 18 24 19 5 4 18 30 19 23 18 26 19 23 18 26 19 23 18 26 19 15 18 11 18 11 18 11 18 11 18 6 20 18 6 20 6 20 18 18 18
bills_40.c 9 9 18 18 15 18 18 11 23 18 15 18 18 11 18 11 23 18 11 23 18 11 23 18 15 18 18 11 18 11 18 11 18 11 18 11 10 15 11 18 18 11 18 18 11 18 18 11 18 18 12 18 3 18 18 17 18 18 18 18 18 17 18 17 18 17 18 18 18 18 18 18 18 18 18 18 18 6 20 7 20 17 2 18 30 18 29 18 30 18 6 20 8 19 15 18 18 11 23 18 11 18 11 18 18 12 18 12 6 20 18 18 26 7 20 18 2 18 18 31 19 7 20 17 12 6 20 18 12 6 20 18 18 26 7 20 18 18 26 23 18 19 2 18 31 19 6 20 6 20 7 20 18 18 26 23 18 19 15 18 18 11 18 11 23 18 11 23 18 11 23 18 11 18 23 18 26 18 24 19 18 26 18 19 23 18 26 18 24 19 18 26 18 19 23 18 26 18 24 19 15 18 18 11 18 11 18 11 18 11 18 6 20 18 6 20 6 20 18 18 18
bills_41.c 9 9 18 18 15 18 18 11 23 18 15 18 11 18 11 23 18 11 23 18 11 23 18 15 18 11 18 11 18 11 18 11 18 11 10 15 12 18 26 18 11 18 18 18 18 2 18 30 18 29 18 30 18 18 18 17 18 18 17 17 17 18 18 18 18 18 6 20 7 20 17 8 19 15 18 18 11 23 18 11 18 18 6 20 7 20 17 18 26 18 19 4 18 30 19 23 18 26 18 5 6 20 6 20 7 20 17 15 18 11 18 11 23 18 11 23 18 11 23 18 11 18 18 4 18 26 19 23 18 26 18 24 19 18 26 18 22 16 23 19 4 18 19 23 18 26 18 24 19 18 26 18 22 16 23 19 23 18 26 18 24 19 5 23 18 26 19 23 18 26 18 24 19 5 4 18 19 28 18 19 23 18 26 19 23 18 26 18 24 19 18 26 18 19 23 18 26 18 24 19 5 23 18 26 19 23 18 26 19 23 18 26 18 24 19 15 18 11 18 11 18 11 18 11 18 6 20 6 20 18 18 18
bills_42.c 9 9 18 18 9 18 18 15 18 18 11 23 18 11 18 18 11 18 11 23 18 11 23 18 11 23 18 15 18 18 11 18 11 18 11 18 11 10 15 11 18 11 18 11 18 11 18 12 18 26 18 2 18 30 18 29 18 30 18 18 18 17 18 18 18 17 17 17 18 18 18 18 18 6 20 7 20 17 8 19 15 18 18 11 23 18 6 20 7 20 18 2 16 19 31 19 6 20 6 20 7 20 18 6 20 23 18 11 18 18 11 18 11 23 18 11 23 18 11 23 18 11 18 26 19 11 18 26 19 11 18 26 19 2 18 19 4 18 26 19 18 21 19 18 22 19 5 4 18 26 19 18 21 19 18 22 19 5 18 21 19 18 22 19 23 18 26 18 23 18 26 18 23 18 26 18 15 18 18 11 18 11 18 11 18 6 20 6 20 18 18 18
bills_43.c 24 24 23 23 18 18 18 18 18 18 18 18 18 18 23 24 9 18 18 11 18 18 11 23 18 11 18 11 18 11 23 18 11 23 18 11 23 18 11 18 11 18 11 18 11 18 11 18 11 10 15 11 18 11 18 11 18 11 18 12 18 26 18 2 18 30 18 29 18 30 18 18 18 17 18 18 17 17 17 18 18 18 18 18 6 20 7 20 17 8 19 11 18 18 11 23 18 6 20 7 20 18 2 16 19 31 19 6 20 7 20 18 11 18 11 18 11 23 18 11 23 18 11 23 18 11 18 19 11 18 19 4 18 19 30 19 23 18 26 18 24 19 23 18 26 19 23 18 26 19 5 4 18 19 30 19 23 18 26 18 24 19 18 19 26 18 19 23 18 26 18 19 24 19 18 19 26 18 19 19 23 18 26 18 19 24 19 5 4 18 19 30 19 23 18 26 18 24 19 18 19 26 18 19 23 18 26 18 19 24 19 18 19 26 18 19 19 23 18 26 18 19 24 19 8 19 11 18 11 18 11 18 11 18 11 18 6 20 18 6 20 18 6 20 18 6 20 18
bills_44.c 18 18 18 18 18 18 19 19 19 19 19 18 22 19 18 18 18 18 18 18 18 18 19 18 18 18 26 19 23 23 23 18 18 18 23 23 23 19 18 19 18 19 18 18 18 18 18 18 18 18 18 18 18 18 18 18 19 18 18 18 18 18 18 18 18 18 18 18 18 18 18 26 19 23 23 23 18 18 18 23 23 23 19 18 19 18 19 18 18 18 18 18 18 18 18 18 18 18 22 19 18 18 22 19 18 18 18 18 18 19 19 19 19 19
bills_45.c 9 9 18 18 15 18 18 11 23 18 15 18 11 18 11 23 18 11 23 18 11 23 18 15 18 11 18 11 18 11 18 11 18 11 10 15 11 18 18 18 18 12 18 26 18 2 18 30 18 29 18 30 18 18 18 17 18 18 17 17 17 18 18 18 18 18 6 20 7 20 17 8 19 15 18 18 11 23 18 11 18 6 20 7 20 18 18 26 23 18 19 2 18 31 19 6 20 6 20 7 20 18 18 26 23 18 19 15 18 11 18 11 23 18 11 23 18 11 23 18 23 18 26 11 18 24 19 23 18 26 11 18 19 24 19 23 18 26 18 19 19 24 19 15 18 11 18 11 18 11 18 11 18 6 20 18 6 20 6 20 18 18 18
bills_46.c 9 9 18 18 15 18 18 11 23 18 15 18 11 18 11 23 18 11 23 18 11 23 18 15 18 11 18 11 18 11 18 11 18 11 10 15 11 18 18 18 18 12 18 26 18 2 18 30 18 29 18 30 18 18 18 17 18 18 17 17 17 18 18 18 18 18 6 20 7 20 17 8 19 15 18 18 11 23 18 6 20 7 20 18 2 16 19 6 20 6 20 7 20 18 15 18 11 18 11 23 18 11 23 18 11 23 18 4 18 26 19 23 18 26 18 24 19 18 26 18 22 16 23 19 23 18 26 18 24 19 18 26 18 22 16 23 19 23 18 26 18 24 19 18 26 18 22 16 23 19 15 18 11 18 11 18 11 18 11 18 6 20 18 6 20 6 20 18 18 18
bills_47.c 9 9 18 18 9 18 18 15 18 18 11 23 18 15 18 11 18 11 23 18 11 23 18 11 23 18 15 18 11 18 11 18 11 18 11 18 11 10 15 11 18 11 18 11 18 11 18 12 18 26 18 2 18 30 18 29 18 30 18 18 18 17 18 18 17 17 17 18 18 18 18 18 6 20 7 20 17 8 19 15 18 18 11 23 18 6 20 7 20 18 2 16 19 31 19 6 20 6 20 7 20 18 15 18 11 18 11 23 18 11 23 18 11 23 18 23 18 26 18 24 19 23 18 26 18 19 24 19 23 18 26 18 19 19 24 19 15 18 11 18 11 18 11 18 11 18 6 20 18 6 20 6 20 18 18 18
bills_48.c 9 9 18 18 15 18 18 11 23 18 15 18 18 18 11 18 11 23 18 11 23 18 11 23 18 15 18 11 18 11 18 11 18 11 18 11 10 15 11 18 11 18 11 18 11 18 12 18 26 18 2 18 30 18 29 18 30 18 18 18 17 18 18 18 18 17 17 17 18 18 18 18 18 6 20 7 20 17 8 19 15 18 18 11 23 18 6 20 7 20 18 2 16 19 31 19 6 20 6 20 7 20 18 15 18 18 18 11 18 11 23 18 11 23 18 11 23 18 23 18 26 18 24 19 23 18 26 18 19 24 19 23 18 26 18 19 19 24 19 15 18 11 18 11 18 11 18 11 18 6 20 18 6 20 6 20 18 18 18
bills_49.c 9 9 18 18 15 18 18 11 23 18 15 18 11 18 11 23 18 11 23 18 11 23 18 15 18 11 18 11 18 11 18 11 18 11 10 15 11 18 11 18 11 18 11 18 12 18 26 18 2 18 30 18 29 18 30 18 18 18 17 18 18 17 17 17 18 18 18 18 18 6 20 7 20 17 8 19 15 18 18 11 23 18 6 20 7 20 18 2 23 18 19 31 19 6 20 7 20 18 15 18 11 18 11 23 18 11 23 18 11 23 18 23 18 26 18 24 19 23 18 26 18 22 23 18 23 19 24 19 23 18 26 18 22 23 18 23 19 22 23 18 23 19 24 19 15 18 11 18 11 18 11 18 11 18 6 20 18 6 20 6 20 18 18 18
bills_50.c 9 9 18 18 15 18 18 11 23 18 15 18 18 11 18 11 23 18 11 23 18 11 23 18 15 18 18 11 18 11 18 11 18 11 18 11 10 15 12 18 26 18 11 18 18 18 18 2 18 30 18 29 18 30 18 18 18 17 18 18 18 17 17 17 18 18 18 18 18 18 6 20 7 20 17 8 19 15 18 18 11 23 18 2 16 19 31 19 6 20 7 20 18 15 18 18 11 18 11 23 18 11 23 18 11 23 18 1 16 26 19 18 26 19 21 21 23 18 18 26 18 22 19 1 16 26 19 18 26 19 21 21 23 18 18 26 18 22 19 1 16 26 19 18 26 19 21 21 23 18 18 26 18 22 19 15 18 18 11 18 11 18 11 18 11 18 6 20 18 18 18 18
bills_51.c 24 24 23 23 18 19 19 23 18 18 23 24 9 18 18 9 18 18 15 18 18 11 23 18 15 18 11 18 11 23 18 11 23 18 11 23 18 15 18 11 18 11 18 11 18 11 18 11 10 15 11 18 11 18 11 18 11 18 12 18 26 18 20 18 18 18 24 18 20 18 20 18 18 18 18 18 18 18 22 22 20 18 20 18 18 18 18 18 26 18 20 18 18 18 18 19 19 19 255 24 18 20 18 18 18 20 18 20 18 18 18 20 18 18 18 20 18 18 18 20 18 18 18 18 255 18
bills_52.c 9 9 18 18 15 18 18 11 23 18 15 18 11 18 11 23 18 11 23 18 11 23 18 15 18 11 18 11 18 11 18 11 18 11 10 15 12 18 11 18 11 18 18 18 3 18 18 17 18 18 17 17 17 18 18 18 18 18 6 20 6 20 7 20 17 6 20 4 18 31 18 29 18 31 18 29 18 31 18 29 18 31 18 6 20 5 2 18 30 18 29 18 30 18 8 19 15 18 18 11 23 18 11 18 6 20 7 20 18 4 16 19 31 19 3 6 20 6 20 7 20 17 23 18 26 18 2 16 19 31 19 5 15 18 11 18 11 23 18 11 23 18 11 23 18 23 18 26 18 24 19 23 18 26 18 22 16 23 19 24 19 23 18 26 18 22 16 23 19 22 16 23 19 24 19 15 18 11 18 11 18 11 18 11 18 6 20 18 6 20 6 20 18 18 18
bills_53.c 9 9 18 18 15 18 18 11 23 18 15 18 11 18 11 23 18 11 23 18 11 23 18 15 18 11 18 11 18 11 18 11 18 11 10 15 11 18 18 18 18 12 18 26 18 2 18 30 18 29 18 30 18 18 18 17 18 18 17 17 17 18 18 18 18 18 6 20 7 20 17 8 19 15 18 18 11 23 18 11 18 6 20 7 20 17 2 18 19 31 19 6 20 6 20 7 20 17 23 18 26 18 15 18 11 18 11 23 18 11 23 18 11 23 18 11 18 18 18 18 26 18 24 19 18 26 18 22 18 23 19 18 26 18 24 19 18 26 18 22 18 23 19 18 26 18 24 19 23 18 26 18 23 18 26 18 23 18 26 18 15 18 11 18 11 18 11 18 11 18 6 20 18 6 20 6 20 18 18 18
bills_54.c 9 9 18 18 15 18 18 11 23 18 15 18 11 18 11 23 18 11 23 18 11 23 18 15 18 11 18 11 18 11 18 11 18 11 10 15 11 18 18 18 18 12 18 26 18 2 18 30 18 29 18 30 18 18 18 17 18 18 17 17 17 18 18 18 18 18 6 20 7 20 17 8 19 15 18 18 11 23 18 11 18 6 20 7 20 17 2 18 19 31 19 6 20 6 20 7 20 17 23 18 26 18 15 18 11 18 11 23 18 11 23 18 11 23 18 11 18 18 18 18 26 18 24 19 18 26 18 22 18 23 19 18 26 18 24 19 18 26 18 22 18 23 19 18 26 18 24 19 23 18 26 18 23 18 26 18 23 18 26 18 15 18 11 18 11 18 11 18 11 18 6 20 18 6 20 6 20 18 18 18
